digraph {
	65489
	55576
	65489 -> 55576
	54598
	55576 -> 54598
	12351
	54598 -> 12351
	35952
	12351 -> 35952
	21994
	35952 -> 21994
	44859
	35952 -> 44859
	55141
	54598 -> 55141
	60558
	55576 -> 60558
	90377
	65489 -> 90377
	83982
	90377 -> 83982
	70000
	83982 -> 70000
	70634
	70000 -> 70634
	77921
	70634 -> 77921
	85213
	83982 -> 85213
	136199
	90377 -> 136199
	99812
	136199 -> 99812
	93389
	99812 -> 93389
	98071
	93389 -> 98071
	99999
	99812 -> 99999
	122020
	99999 -> 122020
	122019
	122020 -> 122019
	118608
	122019 -> 118608
	122022
	122020 -> 122022
	122899
	122022 -> 122899
	999551
	136199 -> 999551
	932200
	999551 -> 932200
	627793
	932200 -> 627793
	498920
	627793 -> 498920
	283266
	498920 -> 283266
	236629
	283266 -> 236629
	231194
	236629 -> 231194
	143603
	231194 -> 143603
	141582
	143603 -> 141582
	136380
	141582 -> 136380
	143346
	141582 -> 143346
	177950
	143603 -> 177950
	144491
	177950 -> 144491
	215299
	177950 -> 215299
	211902
	215299 -> 211902
	225795
	215299 -> 225795
	234882
	231194 -> 234882
	274351
	236629 -> 274351
	243333
	274351 -> 243333
	270965
	243333 -> 270965
	442773
	283266 -> 442773
	370785
	442773 -> 370785
	336349
	370785 -> 336349
	316017
	336349 -> 316017
	367596
	336349 -> 367596
	367017
	367596 -> 367017
	362096
	367017 -> 362096
	351856
	362096 -> 351856
	416133
	370785 -> 416133
	409012
	416133 -> 409012
	388933
	409012 -> 388933
	405603
	388933 -> 405603
	413819
	409012 -> 413819
	433045
	416133 -> 433045
	421760
	433045 -> 421760
	431955
	421760 -> 431955
	428003
	431955 -> 428003
	429714
	428003 -> 429714
	450492
	442773 -> 450492
	447395
	450492 -> 447395
	491438
	450492 -> 491438
	517194
	498920 -> 517194
	503438
	517194 -> 503438
	560060
	517194 -> 560060
	538147
	560060 -> 538147
	519850
	538147 -> 519850
	524499
	519850 -> 524499
	555960
	538147 -> 555960
	614677
	560060 -> 614677
	596922
	614677 -> 596922
	579613
	596922 -> 579613
	576695
	579613 -> 576695
	572754
	576695 -> 572754
	581438
	579613 -> 581438
	621788
	614677 -> 621788
	617431
	621788 -> 617431
	866425
	627793 -> 866425
	763872
	866425 -> 763872
	720752
	763872 -> 720752
	654327
	720752 -> 654327
	647135
	654327 -> 647135
	655326
	654327 -> 655326
	669707
	655326 -> 669707
	674669
	669707 -> 674669
	708553
	674669 -> 708553
	690821
	708553 -> 690821
	749640
	720752 -> 749640
	744699
	749640 -> 744699
	726462
	744699 -> 726462
	795408
	763872 -> 795408
	769896
	795408 -> 769896
	778900
	769896 -> 778900
	842172
	795408 -> 842172
	796078
	842172 -> 796078
	859707
	842172 -> 859707
	910615
	866425 -> 910615
	889231
	910615 -> 889231
	884371
	889231 -> 884371
	895147
	889231 -> 895147
	891767
	895147 -> 891767
	916888
	910615 -> 916888
	911994
	916888 -> 911994
	912059
	911994 -> 912059
	931216
	916888 -> 931216
	963283
	932200 -> 963283
	961904
	963283 -> 961904
	938505
	961904 -> 938505
	987001
	963283 -> 987001
	978569
	987001 -> 978569
	991136
	987001 -> 991136
}
